0.00299177791496801
0.02038636272701416
0.06815873667265079
0.15341447494097213
0.25374377851102897
0.31350519103678248
0.27514087590335368
0.13155680965962202
-0.04747560137565205
-0.15361277900897213
-0.12460031355018363
-0.00194830206512707
0.10021310982093282
0.09569483529486082
0.00299546851424876
-0.07860308050626859
-0.07090504695832135
0.00732599152742138
0.06760380356666605
0.04931699082463822
-0.01907504796386148
-0.05855994788162344
-0.02959283026260308
0.02845002695560864
0.04819478481030547
0.01186997129516605
-0.03360838018375346
-0.03590233567622300
0.00283624535600073
0.03389852455752556
0.02256647679881061
-0.01338963762914128
-0.02972384005275752
-0.00978297526530286
0.01912584770383841
0.02236113252245087
-0.00080112861412992
-0.02017505517090393
-0.01359866825663739
0.00801602558107624
0.01747319966416931
0.00525887545334177
-0.01147401989182026
-0.01250089468247110
0.00124952486006540
0.01159429618637160
0.00684917984855458
-0.00536846013315279
-0.00995675116099024
-0.00324211365994087
0.00454123551705946
0.00373237965424758
-0.00319386454016540
-0.00646363352313427
-0.00200281488057221
0.00429604987630606
0.00495047186965660
0.00002249939177878
-0.00402555576844579
-0.00282747368738241
0.00123726927273416
0.00302896318303671
0.00105535185677322
-0.00160427850153502
-0.00181719153405961
0.00003138422705370
0.00133513439820618
0.00079592330365590
-0.00044955958657025
-0.00080514744690609
-0.00016956060935902
0.00041192436217204
0.00032337768735789
-0.00006076051387292
-0.00018481451869402
-0.00004972957617259
0.00002675197296201
-0.00002018537504476
-0.00000456866172326
0.00010136266242563
0.00009872921605681
-0.00007651646558673
-0.00019157005257178
-0.00005009886388550
0.00018359574662181
0.00018647330614208
-0.00006353953190042
-0.00023667135527051
-0.00009831333098657
0.00016767303111351
0.00020869193583766
-0.00002192056899425
-0.00021258213697291
