-1.95855753837292923e-09
4.59882354419960393e-09
8.56949977645626859e-09
-1.43682932218780479e-08
-2.31150387719480932e-08
3.37474155287509348e-08
5.12900797389193031e-08
-6.85572771885745169e-08
-1.01578791600331897e-07
1.26972196312635788e-07
1.86220844966555887e-07
-2.20145167872942693e-07
-3.22406947361741913e-07
3.62923287866578903e-07
5.33734464625013061e-07
-5.74650812268373556e-07
-8.51954098379792413e-07
8.80053221408161335e-07
1.31903675537614617e-06
-1.31019169202772900e-06
-1.98958719010988716e-06
1.90347191164619289e-06
2.93363018499803729e-06
-2.70668783741712105e-06
-4.23978417529724538e-06
3.77607375412480906e-06
6.01884039497235790e-06
-5.17833450430771336e-06
-8.40775282995309681e-06
6.99161910233669914e-06
1.15740322144120000e-05
-9.30639816942857578e-06
-1.57205486175371334e-05
1.22262008517282084e-05
2.10907091968692839e-05
-1.58681687025818974e-05
-2.79739888355834410e-05
2.03633753699250519e-05
3.67118009307887405e-05
-2.58568725257646292e-05
-4.77036192023660988e-05
3.25074033753480762e-05
6.14133605267852545e-05
-4.04867605539038777e-05
-7.83759096520952880e-05
4.99787311127875000e-05
9.92038476397283375e-05
-6.11776122241280973e-05
-1.24594167573377490e-04
7.42862685001455247e-05
1.55335088493302464e-04
-8.95137345651164651e-05
-1.92312916624359787e-04
1.07072315586265177e-04
2.36518870224244893e-04
-1.27174251247197390e-04
-2.89055984467267990e-04
1.50028005009517074e-04
3.51146154571324587e-04
-1.75834022229537368e-04
-4.24137309892103076e-04
2.04780299100093544e-04
5.09511271957308054e-04
-2.37037646002136171e-04
-6.08892180025577545e-04
2.72754696197807789e-04
7.24056037142872810e-04
-3.12052987283095717e-04
-8.56942089740186930e-04
3.55021824361756444e-04
1.00966671016067266e-03
-4.01713652536273003e-04
-1.18454033508896828e-03
4.52139182016253471e-04
1.38408993370831013e-03
-5.06263517308980227e-04
-1.61108700558543205e-03
5.64002257306128740e-04
1.86858547385782003e-03
-6.25218497589230537e-04
-2.15997081249952316e-03
6.89720560330897570e-04
2.48902477324008942e-03
-7.57260597310960293e-04
-2.86001362837851048e-03
8.27534182462841272e-04
3.27780377119779587e-03
-9.00180602911859751e-04
-3.74801969155669212e-03
9.74784779828041792e-04
4.27725585177540779e-03
-1.05087982956320047e-03
-4.87336982041597366e-03
1.12795073073357344e-03
5.54588437080383301e-03
-1.20543991215527058e-03
-6.30655512213706970e-03
1.28275249153375626e-03
7.17017380520701408e-03
-1.35926331859081984e-03
-8.15574079751968384e-03
1.43432547338306904e-03
9.28820390254259109e-03
-1.50727783329784870e-03
-1.06011042371392250e-02
1.57745496835559607e-03
1.21407499536871910e-02
-1.64419633802026510e-03
-1.39730172231793404e-02
1.70685630291700363e-03
1.61949638277292252e-02
-1.76481355447322130e-03
-1.89557261765003204e-02
1.81748147588223219e-03
2.24967077374458313e-02
-1.86431710608303547e-03
-2.72355955094099045e-02
1.90482998732477427e-03
3.39624062180519104e-02
-1.93859019782394171e-03
-4.43715527653694153e-02
1.96523591876029968e-03
6.28708973526954651e-02
-1.98447844013571739e-03
-1.05626858770847321e-01
1.99610902927815914e-03
3.18150788545608521e-01
4.97999995946884155e-01
3.18150788545608521e-01
1.99610902927815914e-03
-1.05626858770847321e-01
-1.98447844013571739e-03
6.28708973526954651e-02
1.96523591876029968e-03
-4.43715527653694153e-02
-1.93859019782394171e-03
3.39624062180519104e-02
1.90482998732477427e-03
-2.72355955094099045e-02
-1.86431710608303547e-03
2.24967077374458313e-02
1.81748147588223219e-03
-1.89557261765003204e-02
-1.76481355447322130e-03
1.61949638277292252e-02
1.70685630291700363e-03
-1.39730172231793404e-02
-1.64419633802026510e-03
1.21407499536871910e-02
1.57745496835559607e-03
-1.06011042371392250e-02
-1.50727783329784870e-03
9.28820390254259109e-03
1.43432547338306904e-03
-8.15574079751968384e-03
-1.35926331859081984e-03
7.17017380520701408e-03
1.28275249153375626e-03
-6.30655512213706970e-03
-1.20543991215527058e-03
5.54588437080383301e-03
1.12795073073357344e-03
-4.87336982041597366e-03
-1.05087982956320047e-03
4.27725585177540779e-03
9.74784779828041792e-04
-3.74801969155669212e-03
-9.00180602911859751e-04
3.27780377119779587e-03
8.27534182462841272e-04
-2.86001362837851048e-03
-7.57260597310960293e-04
2.48902477324008942e-03
6.89720560330897570e-04
-2.15997081249952316e-03
-6.25218497589230537e-04
1.86858547385782003e-03
5.64002257306128740e-04
-1.61108700558543205e-03
-5.06263517308980227e-04
1.38408993370831013e-03
4.52139182016253471e-04
-1.18454033508896828e-03
-4.01713652536273003e-04
1.00966671016067266e-03
3.55021824361756444e-04
-8.56942089740186930e-04
-3.12052987283095717e-04
7.24056037142872810e-04
2.72754696197807789e-04
-6.08892180025577545e-04
-2.37037646002136171e-04
5.09511271957308054e-04
2.04780299100093544e-04
-4.24137309892103076e-04
-1.75834022229537368e-04
3.51146154571324587e-04
1.50028005009517074e-04
-2.89055984467267990e-04
-1.27174251247197390e-04
2.36518870224244893e-04
1.07072315586265177e-04
-1.92312916624359787e-04
-8.95137345651164651e-05
1.55335088493302464e-04
7.42862685001455247e-05
-1.24594167573377490e-04
-6.11776122241280973e-05
9.92038476397283375e-05
4.99787311127875000e-05
-7.83759096520952880e-05
-4.04867605539038777e-05
6.14133605267852545e-05
3.25074033753480762e-05
-4.77036192023660988e-05
-2.58568725257646292e-05
3.67118009307887405e-05
2.03633753699250519e-05
-2.79739888355834410e-05
-1.58681687025818974e-05
2.10907091968692839e-05
1.22262008517282084e-05
-1.57205486175371334e-05
-9.30639816942857578e-06
1.15740322144120000e-05
6.99161910233669914e-06
-8.40775282995309681e-06
-5.17833450430771336e-06
6.01884039497235790e-06
3.77607375412480906e-06
-4.23978417529724538e-06
-2.70668783741712105e-06
2.93363018499803729e-06
1.90347191164619289e-06
-1.98958719010988716e-06
-1.31019169202772900e-06
1.31903675537614617e-06
8.80053221408161335e-07
-8.51954098379792413e-07
-5.74650812268373556e-07
5.33734464625013061e-07
3.62923287866578903e-07
-3.22406947361741913e-07
-2.20145167872942693e-07
1.86220844966555887e-07
1.26972196312635788e-07
-1.01578791600331897e-07
-6.85572771885745169e-08
5.12900797389193031e-08
3.37474155287509348e-08
-2.31150387719480932e-08
-1.43682932218780479e-08
8.56949977645626859e-09
4.59882354419960393e-09
-1.95855753837292923e-09
