-1.86176993821618453e-08
6.78853382396482630e-08
4.02001205657143146e-06
-1.72346244653454050e-06
-5.61638844374101609e-05
1.36871858558151871e-05
3.76920826965942979e-04
-6.24666499788872898e-05
-1.66953681036829948e-03
1.97836605366319418e-04
5.58440014719963074e-03
-4.74711268907412887e-04
-1.52991153299808502e-02
9.05646302271634340e-04
3.68695408105850220e-02
-1.41337164677679539e-03
-8.73522311449050903e-02
1.83503492735326290e-03
3.11542183160781860e-01
4.98000025749206543e-01
3.11542183160781860e-01
1.83503492735326290e-03
-8.73522311449050903e-02
-1.41337164677679539e-03
3.68695408105850220e-02
9.05646302271634340e-04
-1.52991153299808502e-02
-4.74711268907412887e-04
5.58440014719963074e-03
1.97836605366319418e-04
-1.66953681036829948e-03
-6.24666499788872898e-05
3.76920826965942979e-04
1.36871858558151871e-05
-5.61638844374101609e-05
-1.72346244653454050e-06
4.02001205657143146e-06
6.78853382396482630e-08
-1.86176993821618453e-08
